wavelength xatm
2980.0 0.07270000129938126
3005.0 0.09920000284910202
3030.0 0.13079999387264252
3055.0 0.1673000007867813
3080.0 0.20749999582767487
3105.0 0.24699999392032623
3130.0 0.28619998693466187
3155.0 0.34439998865127563
3180.0 0.3919999897480011
3205.0 0.4300000071525574
3230.0 0.4584999978542328
3255.0 0.48170000314712524
3280.0 0.5006999969482422
3305.0 0.5188999772071838
3330.0 0.535099983215332
3355.0 0.5486000180244446
3380.0 0.5580999851226807
3405.0 0.5669000148773193
3430.0 0.572700023651123
3455.0 0.5812000036239624
3480.0 0.5958999991416931
3505.0 0.6111999750137329
3530.0 0.6220999956130981
3555.0 0.6294000148773193
3580.0 0.6349999904632568
3605.0 0.6406000256538391
3630.0 0.647599995136261
3655.0 0.6553000211715698
3680.0 0.663100004196167
3705.0 0.670199990272522
3730.0 0.6762999892234802
3755.0 0.6815000176429749
3780.0 0.6862999796867371
3805.0 0.6912000179290771
3830.0 0.6965000033378601
3855.0 0.7023000121116638
3880.0 0.7088000178337097
3905.0 0.7157999873161316
3930.0 0.7235000133514404
3955.0 0.7315000295639038
3980.0 0.739300012588501
4005.0 0.746399998664856
4030.0 0.7526000142097473
4055.0 0.7580999732017517
4080.0 0.7631000280380249
4105.0 0.7680000066757202
4130.0 0.7727000117301941
4155.0 0.777400016784668
4180.0 0.7820000052452087
4205.0 0.7861999869346619
4230.0 0.7901999950408936
4255.0 0.7940000295639038
4280.0 0.7975999712944031
4305.0 0.8012999892234802
4330.0 0.8048999905586243
4355.0 0.8087000250816345
4380.0 0.8123999834060669
4405.0 0.816100001335144
4430.0 0.8198999762535095
4455.0 0.8234999775886536
4480.0 0.8270999789237976
4505.0 0.8305000066757202
4530.0 0.8337000012397766
4555.0 0.8367999792098999
4580.0 0.8396999835968018
4605.0 0.8424999713897705
4630.0 0.845300018787384
4655.0 0.8479999899864197
4680.0 0.8504999876022339
4705.0 0.8528000116348267
4730.0 0.8549000024795532
4755.0 0.8568000197410583
4780.0 0.8586999773979187
4805.0 0.8605999946594238
4830.0 0.862500011920929
4855.0 0.864300012588501
4880.0 0.866100013256073
4905.0 0.8677999973297119
4930.0 0.8693000078201294
4955.0 0.8705999851226807
4980.0 0.8719000220298767
5005.0 0.8730000257492065
5030.0 0.8740000128746033
5055.0 0.875
5080.0 0.8758999705314636
5105.0 0.876800000667572
5130.0 0.8776999711990356
5155.0 0.8784999847412109
5180.0 0.8794000148773193
5205.0 0.880299985408783
5230.0 0.8812999725341797
5255.0 0.8822000026702881
5280.0 0.8831999897956848
5305.0 0.8841999769210815
5330.0 0.885200023651123
5355.0 0.8860999941825867
5380.0 0.886900007724762
5405.0 0.8877000212669373
5430.0 0.8884999752044678
5455.0 0.8891000151634216
5480.0 0.8896999955177307
5505.0 0.8902000188827515
5530.0 0.8906999826431274
5555.0 0.8910999894142151
5580.0 0.8913999795913696
5605.0 0.891700029373169
5630.0 0.8920000195503235
5655.0 0.892300009727478
5680.0 0.8925999999046326
5705.0 0.8928999900817871
5730.0 0.8932999968528748
5755.0 0.8938000202178955
5780.0 0.8945000171661377
5805.0 0.8952000141143799
5830.0 0.8962000012397766
5855.0 0.8973000049591064
5880.0 0.8985999822616577
5905.0 0.9000999927520752
5930.0 0.9017999768257141
5955.0 0.9036999940872192
5980.0 0.9057000279426575
6005.0 0.9078999757766724
6030.0 0.9103000164031982
6055.0 0.9128000140190125
6080.0 0.9153000116348267
6105.0 0.9176999926567078
6130.0 0.9199000000953674
6155.0 0.921999990940094
6180.0 0.923799991607666
6205.0 0.9253000020980835
6230.0 0.9265000224113464
6255.0 0.9275000095367432
6280.0 0.9284999966621399
6305.0 0.9294000267982483
6330.0 0.9304999709129333
6355.0 0.9315999746322632
6380.0 0.932699978351593
6405.0 0.9337000250816345
6430.0 0.9345999956130981
6455.0 0.9354000091552734
6480.0 0.9362999796867371
6505.0 0.9373000264167786
6530.0 0.9384999871253967
6555.0 0.9394999742507935
6580.0 0.9399999976158142
6605.0 0.9398000240325928
6630.0 0.9386000037193298
6655.0 0.9366000294685364
6680.0 0.9348999857902527
6705.0 0.934499979019165
6730.0 0.9366000294685364
6755.0 0.9420999884605408
6780.0 0.9491999745368958
6805.0 0.949400007724762
6830.0 0.9333999752998352
6855.0 0.9057000279426575
6880.0 0.8862000107765198
6905.0 0.8892999887466431
6930.0 0.90829998254776
6955.0 0.9311000108718872
6980.0 0.9449999928474426
7005.0 0.946399986743927
7030.0 0.9560999870300293
7055.0 0.9708999991416931
7080.0 0.9825999736785889
7105.0 0.982699990272522
7130.0 0.9628999829292297
7155.0 0.9192000031471252
7180.0 0.8848999738693237
7205.0 0.8974000215530396
7230.0 0.9182000160217285
7255.0 0.9194999933242798
7280.0 0.9153000116348267
7305.0 0.9225000143051147
7330.0 0.9435999989509583
7355.0 0.9505000114440918
7380.0 0.9495999813079834
7405.0 0.951200008392334
7430.0 0.9531000256538391
7455.0 0.953499972820282
7480.0 0.9508000016212463
7505.0 0.9448999762535095
7530.0 0.9416000247001648
7555.0 0.9483000040054321
7580.0 0.9429000020027161
7605.0 0.4925999939441681
7630.0 0.6546000242233276
7655.0 0.7939000129699707
7680.0 0.953000009059906
7705.0 0.9557999968528748
7730.0 0.9602000117301941
7755.0 0.9614999890327454
7780.0 0.9605000019073486
7805.0 0.958299994468689
7830.0 0.9559000134468079
7855.0 0.9541000127792358
7880.0 0.9541000127792358
7905.0 0.9567000269889832
7930.0 0.9621999859809875
7955.0 0.9692000150680542
7980.0 0.9761999845504761
8005.0 0.9814000129699707
8030.0 0.983299970626831
8055.0 0.9800999760627747
8080.0 0.9702000021934509
8105.0 0.9524000287055969
8130.0 0.9284999966621399
8155.0 0.9075000286102295
8180.0 0.8931000232696533
8205.0 0.8852999806404114
8230.0 0.8842999935150146
8255.0 0.8902000188827515
8280.0 0.9032999873161316
8305.0 0.9241999983787537
8330.0 0.9483000040054321
8355.0 0.9591000080108643
8380.0 0.9575999975204468
8405.0 0.9567000269889832
8430.0 0.9563999772071838
8455.0 0.9564999938011169
8480.0 0.9569000005722046
8505.0 0.9575999975204468
8530.0 0.9584000110626221
8555.0 0.9592000246047974
8580.0 0.9598000049591064
8605.0 0.9602000117301941
8630.0 0.9603000283241272
8655.0 0.9599000215530396
8680.0 0.9592999815940857
8705.0 0.9585999846458435
8730.0 0.9577999711036682
8755.0 0.957099974155426
8780.0 0.9567000269889832
8805.0 0.95660001039505
8830.0 0.957099974155426
8855.0 0.9581999778747559
8880.0 0.9599999785423279
8905.0 0.9591000080108643
8930.0 0.9314000010490417
8955.0 0.892300009727478
8980.0 0.864799976348877
9005.0 0.8633000254631042
9030.0 0.8787000179290771
9055.0 0.8960999846458435
9080.0 0.9020000100135803
9105.0 0.8980000019073486
9130.0 0.8931000232696533
9155.0 0.8962000012397766
9180.0 0.9138000011444092
9205.0 0.9351999759674072
9230.0 0.9406999945640564
9255.0 0.9103000164031982
9280.0 0.8345000147819519
9305.0 0.7440999746322632
9330.0 0.6751999855041504
9355.0 0.652400016784668
9380.0 0.6794000267982483
9405.0 0.7178000211715698
9430.0 0.7184000015258789
9455.0 0.6897000074386597
9480.0 0.7002999782562256
9505.0 0.7214000225067139
9530.0 0.7146999835968018
9555.0 0.7250999808311462
9580.0 0.7594000101089478
9605.0 0.7922999858856201
9630.0 0.8302000164985657
9655.0 0.8766000270843506
9680.0 0.9150000214576721
9705.0 0.9253000020980835
9730.0 0.9059000015258789
9755.0 0.8946999907493591
9780.0 0.9045000076293945
9805.0 0.9261999726295471
9830.0 0.949999988079071
9855.0 0.9652000069618225
9880.0 0.9656000137329102
9905.0 0.9642000198364258
9930.0 0.9629999995231628
9955.0 0.9617999792098999
9980.0 0.9606999754905701
10005.0 0.9596999883651733
10030.0 0.9588000178337097
10055.0 0.9578999876976013
10080.0 0.9571999907493591
10105.0 0.9564999938011169
10130.0 0.9559000134468079
10155.0 0.955299973487854
10180.0 0.9549000263214111
10205.0 0.9545000195503235
10230.0 0.9541000127792358
10255.0 0.9538999795913696
10280.0 0.9537000060081482
10305.0 0.953499972820282
10330.0 0.9534000158309937
10355.0 0.9534000158309937
10380.0 0.9534000158309937
10405.0 0.953499972820282
10430.0 0.9535999894142151
10455.0 0.9537000060081482
10480.0 0.9538999795913696
10505.0 0.9541000127792358
10530.0 0.9544000029563904
10555.0 0.9546999931335449
10580.0 0.9550999999046326
10605.0 0.9553999900817871
10630.0 0.9557999968528748
10655.0 0.9563000202178955
10680.0 0.9567000269889832
10705.0 0.9571999907493591
10730.0 0.9577000141143799
10755.0 0.9581999778747559
10780.0 0.9587000012397766
10805.0 0.9592999815940857
10830.0 0.9598000049591064
10855.0 0.9603999853134155
10880.0 0.9609000086784363
10905.0 0.9614999890327454
10930.0 0.9621000289916992
10955.0 0.9625999927520752
10980.0 0.9631999731063843
11005.0 0.9638000130653381
11030.0 0.9642999768257141
11055.0 0.9648000001907349
11080.0 0.965399980545044
11105.0 0.9659000039100647
11130.0 0.9664000272750854
11155.0 0.9668999910354614
11180.0 0.9672999978065491
11205.0 0.9677000045776367
11230.0 0.9682000279426575
